start@  Tue Dec  8 11:29:19 2015
K --------- errorrate
1         0.013742071881606765
2         0.013742071881606765
3         0.011627906976744186
4         0.014799154334038054
5         0.017970401691331923
6         0.0200845665961945
7         0.022198731501057084
8         0.022198731501057084
9         0.023255813953488372
10         0.021141649048625793
11         0.022198731501057084
12         0.024312896405919663
13         0.02536997885835095
14         0.02748414376321353
15         0.02748414376321353
16         0.02748414376321353
17         0.026427061310782242
18         0.026427061310782242
19         0.02748414376321353
20         0.02854122621564482
21         0.03382663847780127
22         0.03171247357293869
23         0.03171247357293869
24         0.03488372093023256
25         0.03488372093023256
26         0.035940803382663845
27         0.03805496828752643
28         0.03805496828752643
29         0.035940803382663845
30         0.039112050739957716
31         0.03805496828752643
32         0.040169133192389
33         0.040169133192389
34         0.0412262156448203
35         0.0412262156448203
36         0.04334038054968287
37         0.045454545454545456
38         0.045454545454545456
39         0.046511627906976744
40         0.048625792811839326
41         0.04756871035940803
42         0.04756871035940803
43         0.05179704016913319
44         0.049682875264270614
45         0.05179704016913319
46         0.05179704016913319
47         0.052854122621564484
48         0.052854122621564484
49         0.05496828752642706
50         0.05391120507399577
51         0.05496828752642706
52         0.05391120507399577
53         0.05391120507399577
54         0.05391120507399577
55         0.05391120507399577
56         0.05391120507399577
57         0.05496828752642706
58         0.05496828752642706
59         0.056025369978858354
60         0.05496828752642706
61         0.05813953488372093
62         0.056025369978858354
63         0.06025369978858351
64         0.05708245243128964
65         0.05708245243128964
66         0.06025369978858351
67         0.0613107822410148
68         0.06236786469344609
69         0.06236786469344609
70         0.06236786469344609
71         0.06236786469344609
72         0.06448202959830866
73         0.06448202959830866
74         0.06448202959830866
75         0.06448202959830866
76         0.06553911205073996
77         0.06659619450317125
78         0.06659619450317125
79         0.06765327695560254
80         0.06659619450317125
81         0.06871035940803383
82         0.06765327695560254
83         0.06765327695560254
84         0.06871035940803383
85         0.06871035940803383
86         0.06871035940803383
87         0.0708245243128964
88         0.06976744186046512
89         0.0708245243128964
90         0.07188160676532769
91         0.0708245243128964
92         0.07188160676532769
93         0.0708245243128964
94         0.07293868921775898
95         0.07188160676532769
96         0.07188160676532769
97         0.07293868921775898
98         0.07293868921775898
99         0.07293868921775898
100         0.07293868921775898
  end@  Tue Dec  8 12:12:44 2015
